; put "cdata-norm/pipe"
;
*=$1640
;
; pipe chars go from 200-213
;
; normal piece of pipe
;
.byte 255,255,0,0,0,0,255,255
.byte 170,170,170,85,85,85,85,255
.byte 255,255,0,0,0,0,255,255
.byte 170,170,170,85,85,85,85,255
;
; pipe with pipe coming of it
;
.byte 253,253,61,61,61,61,253,255
.byte 169,173,173,125,125,125,125,253
.byte 107,107,104,104,104,104,107,255
.byte 106,106,106,105,105,105,105,107
;
; pipe join
;
.byte 235,250,0,0,0,0,255,255
.byte 150,165,150,95,125,95,125,250
;
; pipe with 'tap'
;
.byte 252,255,0,0,0,0,255,255
.byte 170,168,162,73,70,70,73,243
.byte 63,255,0,0,0,0,255,255
.byte 170,42,138,97,145,145,97,207
;
;
;
;
.end
