; put "cdata-hills"
;
*=$1000
;
.byte 85,85,89,85,149,85,89,85
.byte 160,154,154,165,170,154,170,169
.byte 0,0,0,0,0,0,0,0
.byte 0,0,0,0,0,0,0,0
.byte 0,0,0,0,0,0,0,0
.byte 149,89,86,149,85,85,89,85
.byte 0,161,166,166,85,153,86,89
.byte 0,0,0,0,0,0,0,0
.byte 0,0,0,0,0,0,0,0
.byte 0,0,0,0,0,0,0,0
.byte 101,153,106,166,166,85,85,85
.byte 0,0,64,88,150,149,105,165
.byte 0,0,0,0,0,0,0,0
.byte 0,0,0,0,0,0,0,0
.byte 0,0,0,0,0,0,0,0
.byte 106,90,85,165,105,85,85,85
.byte 0,0,0,0,128,170,166,169
.byte 0,0,0,0,0,0,0,0
.byte 0,0,0,0,0,0,0,0
.byte 0,0,0,0,0,0,0,0
.byte 105,166,170,105,86,85,85,85
.byte 0,0,8,42,166,153,170,166
.byte 0,0,0,0,0,0,0,0
.byte 0,0,0,0,0,0,0,0
.byte 0,0,0,0,0,0,0,0
.byte 154,105,170,166,149,85,85,85
.byte 0,0,0,128,160,168,106,106
.byte 0,0,0,0,0,0,0,0
.byte 0,0,0,0,0,0,0,0
.byte 0,0,0,0,0,0,0,0
.byte 106,153,106,106,106,170,105,85
.byte 0,0,0,0,0,0,2,130
.byte 0,0,0,0,0,0,0,0
.byte 0,0,0,0,0,0,0,0
.byte 0,0,0,0,0,0,0,0
.byte 170,169,165,149,149,89,85,85
.byte 0,2,10,42,166,170,166,154
.byte 0,0,0,0,0,0,0,0
.byte 0,0,0,0,0,0,0,0
.byte 0,0,0,0,0,0,0,0
;
;
;
;
;
.end
