; put "cdata-pipe/break"
;
; break in pipe chars
;
*=$16b0
;
; left start break
;
.byte 255,255,0,0,0,0,255,255
.byte 170,171,170,85,85,85,85,255
.byte 168,131,0,0,0,0,255,255
.byte 184,254,240,92,84,85,88,224
;
; right end break
;
.byte 170,170,170,85,85,85,85,255
.byte 255,255,0,0,0,0,255,255
.byte 170,234,58,53,15,9,37,175
.byte 191,47,0,0,0,0,255,255
;
; middle bit #1
;
.byte 0,34,35,42,54,95,255,255
.byte 0,0,0,0,0,0,0,0
.byte 44,188,252,192,132,169,255,255
.byte 0,0,0,0,0,0,0,0
;
; middle bit #2
;
.byte 22,6,0,0,42,123,255,255
.byte 0,0,0,0,0,0,0,0
.byte 0,96,104,104,212,245,255,255
.byte 0,0,0,0,0,0,0,0
;
; middle bit #3
;
.byte 2,10,61,15,23,95,255,255
.byte 0,0,0,0,0,0,0,0
.byte 0,128,160,104,216,245,255,255
.byte 0,0,0,0,0,0,0,0
;
;
;
.end
